276 327 191 256 25 275 261 14 232 88 428 304 76 56 146 438 63 159 26 239 85 222 316 299 155 230 180 36 446 139 292 122 272 92 33
215 232 62 214 53 45 56 69 330 279 124 387 402 66 433 68 449 390 267 113 446 149 430 307 31 107 276 308 309 457 122 462 447 363 242
209 52 112 9 177 267 49 486 94 434 91 423 351 252 56 164 439 152 371 144 410 216 317 320 409 386 86 24 205 79 34 224 185 313 29
45 33 69 454 22 289 352 355 192 303 35 18 302 113 309 389 469 293 48 333 3 433 268 276 334 392 162 477 50 17 312 240 391 492 75
2 270 393 121 389 156 470 325 331 180 362 161 146 179 429 242 54 432 386 83 376 224 133 459 430 193 110 218 345 337 241 355 74 291 170
280 349 494 277 292 13 312 58 379 479 148 11 367 382 495 81 18 21 49 429 371 147 289 179 369 14 284 72 262 254 301 320 404 317 117
285 121 124 347 334 37 259 290 312 308 94 311 59 80 171 213 483 393 120 464 56 209 17 366 418 199 68 243 102 222 413 71 82 276 406
487 372 218 202 215 450 436 480 360 223 76 127 248 44 189 345 204 389 283 431 220 412 481 486 414 5 14 183 375 26 326 29 96 430 225
63 272 119 216 303 244 21 142 14 150 353 253 56 259 433 397 49 6 189 447 160 345 117 411 426 282 3 270 131 17 418 450 291 341 77
390 35 277 356 5 147 443 405 140 199 343 374 357 50 319 194 426 415 337 221 197 312 388 365 265 445 27 429 311 260 58 218 235 196 418
